0
0
0
0
0
0
0
0
0
0
0
0
0
0
0.00882
0.05978
0.08232
0.12446
0.20972
0.2842
0.23422
0.18032
0.30086
0.35476
0.4335430575
0.40964
0.34496
0.27244
0.19404
0.16072
0.16758
0.1421
0.05978
0.01666
0
0
0
0
0
0
0
0
0
0
0
0
0
0
0
0
0
0
0
0
0
0
0
0
0
0
0
0
0.01372
0.07742
0.15484
0.23422
0.30772
0.34594
0.36946
0.29792
0.49085309
0.4905369175
0.4746947275
0.49261268
0.47369672
0.4299650775
0.29498
0.27636
0.21462
0.147
0.07742
0.01764
0
0
0
0
0
0
0
0
0
0
0
0
0
0
0
0
0
0
0
0
0
0
0
0
0
0
0
0
0.01862
0.08428
0.16268
0.24304
0.31752
0.38318
0.43904
0.47709732
0.4773990375
0.4904704
0.5109326775
0.49634109
0.3996335875
0.3312976975
0.3070407375
0.28384475
0.19698
0.13034
0.04606
0.01176
0
0
0
0
0
0
0
0
0
0
0
0
0
0
0
0
0
0
0
0
0
0
0
0
0
0
0
0
0.00588
0.01176
0.01372
0.03822
0.02548
0.04606
0.12544
0.13916
0.10878
0.10094
0.0392
0.03626
0.06762
0.05782
0.04704
0.03724
0.0294
0.05096
0.02254
0.01274
0
0
0
0
0
0
0
0
0
0
0
0
0
0
0
0
0
0
0
0
0
0
0
0
0
0
0
0
0.01764
0.07938
0.15778
0.23716
0.31066
0.37274496
0.4217136
0.4584889575
0.4656865675
0.4627147175
0.38804472
0.46790835
0.37121175
0.29225952
0.2202632075
0.1900728375
0.1519
0.04802
0.07252
0.01862
0
0
0
0
0
0
0
0
0
0
0
0
0
0
0
0
0
0
0
0
0
0
0
0
0
0
0
0
0.01666
0.07742
0.15288
0.23128
0.30576
0.3729599475
0.4253262475
0.26558
0.3443400275
0.4634590275
0.07644
0.22638
0.4728194975
0.4124911875
0.3944689875
0.33222
0.25774
0.17738
0.09702
0.02646
0
0
0
0
0
0
0
0
0
0
0
0
0
0
0
0
0
0
0
0
0
0
0
0
0
0
0
0
0.01666
0.06566
0.147
0.24696
0.3234
0.39004
0.44688
0.48804
0.5217440375
0.50964165
0.41062
0.35574
0.45276
0.46158
0.40278
0.34104
0.2646
0.1274
0.10094
0.02842
0
0
0
0
0
0
0
0
0
0
0
0
0
0
0
0
0
0
0
0
0
0
0
0
0
0
0
0
0.02254
0.0931
0.17444
0.25578
0.33124
0.39788
0.45060939
0.4904629275
0.51709063
0.53029711
0.5306424375
0.5179195875
0.49222656
0.45108567
0.4049206875
0.34104
0.26656
0.1862
0.1029
0.03038
0
0
0
0
0
0
0
0
0
0
0
0
0
0
0
0
0
0
0
0
0
0
0
0
0
0
0
0
0.02156
0.08428
0.11368
0.245
0.3283
0.39494
0.30772
0.34986
0.4662329175
0.4300586675
0.51560103
0.5118587775
0.45245571
0.3479
0.31262
0.21658
0.10878
0.09016
0.0588
0.01372
0
0
0
0
0
0
0
0
0
0
0
0
0
0
0
0
0
0
0
0
0
0
0
0
0
0
0
0
0.02254
0.09408
0.17542
0.25578
0.33124
0.33614
0.2499
0.31556
0.38994249
0.35574
0.3038
0.23814
0.16758
0.14112
0.11564
0.15386
0.05194
0.03234
0.03038
0.01568
0
0
0
0
0
0
0
0
0
0
0
0
0
0
0
0
0
0
0
0
0
0
0
0
0
0
0
0
0.0196
0.08134
0.17444
0.25676
0.3332
0.4018
0.45962
0.5042583875
0.53146821
0.5457398275
0.545811
0.53266675
0.50682807
0.4671315775
0.41552
0.34986
0.27538
0.19306
0.10878
0.0343
0.00098
0
0
0
0
0
0
0
0
0
0
0
0
0
0
0
0
0
0
0
0
0
0
0
0
0
0
0
0.02646
0.09996
0.18326
0.26656
0.34496
0.41356
0.47138
0.5149751775
0.5418624575
0.55544832
0.5549283075
0.5416017775
0.51455439
0.47407745
0.4213165775
0.35672
0.2793
0.16464
0.10192
0.03626
0.00098
0
0
0
0
0
0
0
0
0
0
0
0
0
0
0
0
0
0
0
0
0
0
0
0
0
0
0
0.00392
0.02352
0.05096
0.05488
0.20776
0.35182
0.19404
0.2842
0.44198
0.51537465
0.41944
0.1911
0.0931
0.05194
0.05292
0.05096
0.0392
0.03136
0.0245
0.00784
0
0
0
0
0
0
0
0
0
0
0
0
0
0
0
0
0
0
0
0
0
0
0
0
0
0
0
0
0.0196
0.06566
0.07742
0.11564
0.12838
0.26656
0.45703476
0.49805315
0.48691741
0.46504381
0.4506205375
0.48626424
0.50888215
0.47082728
0.4211044075
0.35868
0.28322
0.2009
0.11564
0.0392
0.00098
0
0
0
0
0
0
0
0
0
0
0
0
0
0
0
0
0
0
0
0
0
0
0
0
0
0
0
0.02842
0.10388
0.18816
0.27342
0.3528
0.4214
0.47726
0.52136
0.5501537475
0.52318917
0.5183551975
0.5451493775
0.52370416
0.47824
0.40376
0.343
0.2842
0.20188
0.1176
0.04116
0.00098
0
0
0
0
0
0
0
0
0
0
0
0
0
0
0
0
0
0
0
0
0
0
0
0
0
0
0
0.03136
0.10584
0.18914
0.27244
0.34888
0.4147819375
0.4442534775
0.39051285
0.51765952
0.53946795
0.52811073
0.4718203875
0.3978088275
0.32883851
0.3075037875
0.3377220875
0.2695
0.09016
0.07546
0.0196
0
0
0
0
0
0
0
0
0
0
0
0
0
0
0
0
0
0
0
0
0
0
0
0
0
0
0
0
0.03234
0.10584
0.19012
0.27342
0.35084
0.41608448
0.46615905
0.50493716
0.4878556375
0.4314541875
0.51622725
0.45570931
0.38342157
0.3895469375
0.37254945
0.35453215
0.2387494375
0.16268
0.08036
0.03038
0.00098
0
0
0
0
0
0
0
0
0
0
0
0
0
0
0
0
0
0
0
0
0
0
0
0
0
0
0
0.01078
0.09114
0.1764
0.26264
0.34661228
0.4084692675
0.4567038875
0.4916565675
0.5144714575
0.52497179
0.50186388
0.4577755175
0.47115264
0.41839875
0.23385936
0.1604670375
0.10976
0.04606
0.0196
0.0196
0.00098
0
0
0
0
0
0
0
0
0
0
0
0
0
0
0
0
0
0
0
0
0
0
0
0
0
0
0
0.03528
0.1127
0.19992
0.28616
0.36554
0.4361
0.4928585375
0.53365704
0.56207655
0.5753539575
0.57621207
0.5618769975
0.5345923275
0.4929026375
0.4406382575
0.37591575
0.30086
0.21658
0.12936
0.049
0.00196
0
0
0
0
0
0
0
0
0
0
0
0
0
0
0
0
0
0
0
0
0
0
0
0
0
0
0.00098
0.04018
0.12152
0.2107
0.2989
0.38024
0.45178
0.51040899
0.55063995
0.5771267775
0.5896758
0.5884207875
0.57353961
0.5452566875
0.5035802275
0.45012135
0.3852035775
0.31062717
0.2254
0.1372
0.05096
0.00294
0
0
0
0
0
0
0
0
0
0
0
0
0
0
0
0
0
0
0
0
0
0
0
0
0
0
0
0.02842
0.09408
0.1225
0.22148
0.2107
0.32242
0.27048
0.10976
0.14014
0.33811225
0.2889543475
0.422576
0.38999835
0.3458580475
0.40394767
0.30725989
0.2301278875
0.1741068
0.10584
0.04312
0.00294
0
0
0
0
0
0
0
0
0
0
0
0
0
0
0
0
0
0
0
0
0
0
0
0
0
0
0.00098
0.03626
0.11368
0.19698
0.2793
0.3522270675
0.3903485775
0.35668864
0.4275838
0.4277066675
0.45374147
0.2728470675
0.2184448175
0.1410164875
0.1813
0.13426
0.147
0.20286
0.03528
0.06174
0.02058
0.00098
0
0
0
0
0
0
0
0
0
0
0
0
0
0
0
0
0
0
0
0
0
0
0
0
0
0
0.00098
0.0392
0.11662
0.20286
0.28812
0.3675
0.43904
0.4935200375
0.5322741375
0.5586493675
0.5712173775
0.5081715275
0.34102775
0.3581394075
0.2887024875
0.18718
0.21364
0.11662
0.11858
0.07938
0.03332
0.00196
0
0
0
0
0
0
0
0
0
0
0
0
0
0
0
0
0
0
0
0
0
0
0
0
0
0
0.00196
0.02842
0.10192
0.19208
0.24206
0.33124
0.43250928
0.48658225
0.52785397
0.5566565375
0.5722757775
0.5748330875
0.52026975
0.4720629375
0.46831505
0.4494672
0.39031587
0.31556
0.22932
0.14112
0.05782
0.00392
0
0
0
0
0
0
0
0
0
0
0
0
0
0
0
0
0
0
0
0
0
0
0
0
0
0
0.00196
0.049
0.13132
0.2205
0.30576
0.38514
0.45472
0.51254
0.55163024
0.5777010575
0.5916064
0.5918865575
0.5788995975
0.5519236275
0.51123072
0.45887275
0.392
0.31458
0.22932
0.1421
0.05978
0.0049
0
0
0
0
0
0
0
0
0
0
0
0
0
0
0
0
0
0
0
0
0
0
0
0
0
0
0.00294
0.049
0.13034
0.21756
0.30282
0.38122
0.4469523975
0.49862939
0.5369119875
0.5630559375
0.5755024275
0.57516984
0.5618769975
0.53309844
0.49837116
0.4481063475
0.38584707
0.31262
0.22736
0.14112
0.0588
0.00588
0
0
0
0
0
0
0
0
0
0
0
0
0
0
0
0
0
0
0
0
0
0
0
0
0
0
0.00294
0.05194
0.13426
0.22344
0.31066
0.39102
0.4572526875
0.50989008
0.5487660675
0.57516984
0.5876794175
0.58637565
0.5720376375
0.5454232875
0.5059152
0.4538800175
0.39065005
0.3173821875
0.23686355
0.14798
0.06272
0.00686
0
0
0
0
0
0
0
0
0
0
0
0
0
0
0
0
0
0
0
0
0
0
0
0
0
0
0.00294
0.0539
0.13622
0.2254
0.31262
0.39396
0.4655
0.52028984
0.5596989475
0.58587144
0.5982403875
0.5977969375
0.5826884
0.55550565
0.5150726875
0.4614568875
0.3965946075
0.32275712
0.23912
0.14994
0.06468
0.00686
0
0
0
0
0
0
0
0
0
0
0
0
0
0
0
0
0
0
0
0
0
0
0
0
0
0
0.00196
0.0245
0.03528
0.08722
0.1372
0.1568
0.18522
0.28126
0.22834
0.06566
0.16268
0.25382
0.21952
0.14896
0.25284
0.15484
0.13622
0.08722
0.0588
0.04116
0.02156
0.00392
0
0
0
0
0
0
0
0
0
0
0
0
0
0
0
0
0
0
0
0
0
0
0
0
0
0
0.00392
0.05096
0.1323
0.21952
0.28518
0.38024
0.45276
0.4871250475
0.4689641775
0.47028828
0.48363
0.53945472
0.5345312
0.4949434875
0.39891488
0.2988626375
0.3601714375
0.31078299
0.22834
0.14112
0.05194
0.00392
0
0
0
0
0
0
0
0
0
0
0
0
0
0
0
0
0
0
0
0
0
0
0
0
0
0
0.0049
0.05782
0.14014
0.22834
0.31458
0.39396
0.45859737
0.50905953
0.545664
0.5689158475
0.5792053575
0.5750609375
0.5529785975
0.4926852
0.35484624
0.2331688275
0.3288805275
0.1662603075
0.1974728175
0.11956
0.05782
0.00686
0
0
0
0
0
0
0
0
0
0
0
0
0
0
0
0
0
0
0
0
0
0
0
0
0
0
0.00588
0.06272
0.147
0.23716
0.32438
0.4006420075
0.4621698375
0.51193779
0.54738096
0.5703206775
0.5815235475
0.57881593
0.5571112575
0.48458256
0.3616718175
0.29263535
0.1795260775
0.210749
0.20402032
0.1471106175
0.04802
0.00686
0
0
0
0
0
0
0
0
0
0
0
0
0
0
0
0
0
0
0
0
0
0
0
0
0
0
0.00392
0.03332
0.09898
0.2352
0.33026
0.41608448
0.4882824275
0.5449749375
0.5846683675
0.6098852375
0.6218240875
0.61933795
0.60454779
0.57679615
0.53710272
0.4840703875
0.41962375
0.3451793975
0.2613268
0.16954
0.07938
0.01078
0
0
0
0
0
0
0
0
0
0
0
0
0
0
0
0
0
0
0
0
0
0
0
0
0
0
0.00882
0.07056
0.15974
0.25284
0.343
0.42728
0.4973371375
0.55056645
0.58990169
0.6136224675
0.62387192
0.61988283
0.6038214875
0.57611505
0.53388195
0.4782898575
0.4121932675
0.33691175
0.2527095375
0.16268
0.07546
0.01078
0
0
0
0
0
0
0
0
0
0
0
0
0
0
0
0
0
0
0
0
0
0
0
0
0
0
0.0098
0.07154
0.15974
0.25088
0.34006
0.4214
0.4873328075
0.5397882875
0.57846852
0.6042974
0.6164004
0.6154302
0.60082624
0.57449217
0.5335030575
0.47988787
0.4145271375
0.3382150275
0.25382
0.16366
0.07742
0.01176
0
0
0
0
0
0
0
0
0
0
0
0
0
0
0
0
0
0
0
0
0
0
0
0
0
0
0.01078
0.07644
0.1666
0.26166
0.3528
0.4361
0.5027204
0.5551282275
0.5940312875
0.6183088275
0.6304144
0.628082
0.61265288
0.58436616
0.54427387
0.49015484
0.4256819875
0.3507134575
0.2667039375
0.17542
0.0833
0.01274
0
0
0
0
0
0
0
0
0
0
0
0
0
0
0
0
0
0
0
0
0
0
0
0
0
0
0.01274
0.08134
0.17248
0.26656
0.35672
0.43552768
0.4980069675
0.54854373
0.5864465775
0.6114233475
0.6229060075
0.62208195
0.60707717
0.5804269275
0.5408424
0.4887709575
0.4241242775
0.3497858875
0.26684175
0.17542
0.08526
0.0147
0
0
0
0
0
0
0
0
0
0
0
0
0
0
0
0
0
0
0
0
0
0
0
0
0
0
0.01372
0.08428
0.17444
0.26852
0.35868
0.441
0.5085189375
0.5612380375
0.59972913
0.6239212875
0.6352623375
0.63308
0.6176590875
0.5900118175
0.5488434875
0.49608531
0.43069824
0.35475804
0.26656
0.17444
0.08526
0.0147
0
0
0
0
0
0
0
0
0
0
0
0
0
0
0
0
0
0
0
0
0
0
0
0
0
0
0.01372
0.08232
0.1715
0.26362
0.35378
0.4361
0.5025801375
0.5550743275
0.5950764575
0.6208161575
0.63096173
0.61972799
0.55869408
0.49837116
0.50316875
0.4987434375
0.4325326775
0.3562881875
0.27048
0.17738
0.08722
0.01666
0
0
0
0
0
0
0
0
0
0
0
0
0
0
0
0
0
0
0
0
0
0
0
0
0
0
0.01568
0.07546
0.1519
0.25578
0.31556
0.42532
0.5046445075
0.55567323
0.59266872
0.6165159175
0.6271846875
0.62369601
0.60792291
0.5801270475
0.5391274
0.48517693
0.4207819875
0.3422942775
0.1813
0.11074
0.05586
0.01176
0
0
0
0
0
0
0
0
0
0
0
0
0
0
0
0
0
0
0
0
0
0
0
0
0
0
0.01764
0.09016
0.1813
0.2744
0.36456
0.4426536275
0.5056142175
0.5563689075
0.5933312
0.61572665
0.6252320375
0.62205696
0.60685128
0.57902712
0.53820816
0.47513389
0.40741148
0.3377460975
0.26637821
0.1783760475
0.08918
0.0147
0
0
0
0
0
0
0
0
0
0
0
0
0
0
0
0
0
0
0
0
0
0
0
0
0
0
0.00392
0.03038
0.04802
0.07644
0.10682
0.20972
0.29988
0.2789857875
0.34988205
0.53444055
0.6218926875
0.6212311875
0.6092856
0.58297995
0.5425567875
0.4889679375
0.4245731175
0.34981835
0.2676772
0.18050277
0.09212
0.01862
0
0
0
0
0
0
0
0
0
0
0
0
0
0
0
0
0
0
0
0
0
0
0
0
0
0
0.02254
0.098
0.18914
0.28224
0.37142
0.44449713
0.5068952
0.55659149
0.5921986875
0.61378772
0.62125875
0.6167290675
0.60027744
0.5735744
0.53490752
0.48317185
0.41984376
0.3475828475
0.2672517575
0.1814924475
0.0882
0.01862
0
0
0
0
0
0
0
0
0
0
0
0
0
0
0
0
0
0
0
0
0
0
0
0
0
0
0.02058
0.07938
0.10094
0.23128
0.3363618475
0.38844456
0.48483099
0.53676756
0.5391488375
0.31023076
0.26815789
0.39965184
0.4789836975
0.38643115
0.1652548275
0.08366897
0.07192171
0.0557692275
0.03528
0.02744
0.02646
0.00588
0
0
0
0
0
0
0
0
0
0
0
0
0
0
0
0
0
0
0
0
0
0
0
0
0
0
0.0049
0.01274
0.02842
0.0294
0.04214
0.0588
0.03528
0.0441
0.03724
0.03626
0.1911
0.25186
0.0931
0.04312
0.04802
0.0196
0.04606
0.06076
0.01862
0.01666
0.04116
0.0098
0
0
0
0
0
0
0
0
0
0
0
0
0
0
0
0
0
0
0
0
0
0
0
0
0
0
0.01568
0.06664
0.08918
0.12642
0.1372
0.1225
0.15288
0.294
0.40768
0.29988
0.49098
0.41258
0.40376
0.31066
0.25382
0.20972
0.23324
0.17836
0.14798
0.1078
0.05978
0.01862
0
0
0
0
0
0
0
0
0
0
0
0
0
0
0
0
0
0
0
0
0
0
0
0
0
0
0.03332
0.11466
0.20972
0.30576
0.3969
0.4802
0.54525828
0.5971109375
0.63616896
0.65958165
0.5653883375
0.57179472
0.55168071
0.4906113975
0.38478132
0.26362
0.21756
0.15582
0.27538
0.14308
0.07056
0.01372
0
0
0
0
0
0
0
0
0
0
0
0
0
0
0
0
0
0
0
0
0
0
0
0
0
0
0.0294
0.10486
0.19894
0.29694
0.5413259075
0.5966175075
0.6351800175
0.6599921475
0.59272752
0.51323335
0.4424532175
0.3572353575
0.4043067175
0.27244
0.1813
0.1813
0.18718
0.14014
0.05782
0.01862
0
0
0
0
0
0
0
0
0
0
0
0
0
0
0
0
0
0
0
0
0
0
0
0
0
0
0.02254
0.07056
0.11368
0.2009
0.23814
0.39298
0.40376
0.4312
0.5175736475
0.49253281
0.54677581
0.4728640875
0.4018
0.46551225
0.43424976
0.22638
0.07056
0.1274
0.16268
0.05684
0.05978
0.0245
0
0
0
0
0
0
0
0
0
0
0
0
0
0
0
0
0
0
0
0
0
0
0
0
0
0.00098
0.03332
0.09212
0.1078
0.25186
0.30184
0.16464
0.09898
0.15876
0.343
0.4533694375
0.5948740875
0.3759322875
0.3699807475
0.3358458775
0.32299575
0.23226
0.16562
0.0833
0.03626
0.0735
0.08526
0.02646
0
0
0
0
0
0
0
0
0
0
0
0
0
0
0
0
0
0
0
0
0
0
0
0
0
0.00098
0.0441
0.1274
0.2254
0.32438
0.41062
0.48314
0.553553
0.6225816275
0.63995568
0.6842324475
0.69193488
0.6864018
0.6678504
0.6101027975
0.5439018375
0.47400885
0.4662211575
0.32137875
0.19306
0.12348
0.0784
0.02058
0
0
0
0
0
0
0
0
0
0
0
0
0
0
0
0
0
0
0
0
0
0
0
0
0
0.00196
0.04998
0.13818
0.23716
0.33516
0.42826
0.5051722375
0.5697762875
0.62134989
0.6575602775
0.6806002
0.68959709
0.6852893775
0.6673975175
0.63574217
0.59093853
0.5337049375
0.46493552
0.3863457675
0.29855945
0.17738
0.09996
0.03136
0
0
0
0
0
0
0
0
0
0
0
0
0
0
0
0
0
0
0
0
0
0
0
0
0
0.00294
0.04606
0.13524
0.23128
0.3283
0.41482616
0.48873433
0.55116915
0.59966396
0.6344141475
0.6573681975
0.6661249875
0.66386376
0.64904763
0.6210587075
0.58118655
0.52834691
0.46453323
0.3896694375
0.3054464
0.2140908
0.11956
0.03038
0
0
0
0
0
0
0
0
0
0
0
0
0
0
0
0
0
0
0
0
0
0
0
0
0
0.00294
0.03332
0.08918
0.13328
0.19894
0.37828
0.3731466375
0.2842
0.22638
0.31358775
0.50461131
0.41415535
0.30147936
0.30025632
0.32320743
0.3779697075
0.3707745475
0.21721504
0.3171219975
0.2939307875
0.19992
0.10388
0.0294
0.00098
0
0
0
0
0
0
0
0
0
0
0
0
0
0
0
0
0
0
0
0
0
0
0
0
0.00294
0.05096
0.13622
0.23226
0.3283
0.4174245075
0.4908627675
0.5526091375
0.6022314375
0.6369136375
0.65701552
0.6643889175
0.6579096475
0.63521052
0.6107556
0.5682621875
0.51430596
0.44901297
0.3748415475
0.29350755
0.2040775275
0.11368
0.03528
0.00098
0
0
0
0
0
0
0
0
0
0
0
0
0
0
0
0
0
0
0
0
0
0
0
0
0.00196
0.03626
0.07154
0.09702
0.13034
0.2058
0.2341321675
0.2175838875
0.3354234975
0.29489768
0.2955144675
0.2758105875
0.2132284
0.19960885
0.12348
0.07938
0.05978
0.05586
0.04214
0.03136
0.02548
0.0147
0.0049
0
0
0
0
0
0
0
0
0
0
0
0
0
0
0
0
0
0
0
0
0
0
0
0
0
0.00098
0.0196
0.04704
0.16366
0.36456
0.45887275
0.53686017
0.59081603
0.6484844975
0.6658118775
0.68989305
0.7290498075
0.7261230375
0.66361925
0.5189030175
0.5589528
0.5586493675
0.4449282075
0.25872
0.2156
0.15974
0.07546
0.01274
0
0
0
0
0
0
0
0
0
0
0
0
0
0
0
0
0
0
0
0
0
0
0
0
0
0.00784
0.07448
0.16954
0.27244
0.37338
0.4701648
0.5475131375
0.6111616875
0.6621143375
0.69994197
0.72375744
0.73453107
0.7023464
0.6488216175
0.6673632175
0.6355960275
0.5784375275
0.5094773775
0.42850353
0.33712
0.2352
0.13426
0.04508
0.00098
0
0
0
0
0
0
0
0
0
0
0
0
0
0
0
0
0
0
0
0
0
0
0
0.0098
0.08036
0.17934
0.2842
0.38612
0.4793154275
0.55270383
0.6136224675
0.6618987375
0.6972110775
0.71787695
0.72646224
0.72006333
0.6710803575
0.6703561375
0.6259033375
0.56836472
0.4994612875
0.4198908
0.3311266875
0.2352057575
0.13622
0.04704
0.00098
0
0
0
0
0
0
0
0
0
0
0
0
0
0
0
0
0
0
0
0
0
0
0
0
0.0098
0.07448
0.16856
0.27048
0.36946
0.4611643575
0.536452
0.6010843475
0.6525451275
0.6902540575
0.712803
0.7203116375
0.7143586275
0.66242904
0.6630992375
0.61842753
0.5617304875
0.4933852875
0.4148387775
0.3271062375
0.2329656
0.13524
0.04704
0.00196
0
0
0
0
0
0
0
0
0
0
0
0
0
0
0
0
0
0
0
0
0
0
0
0
0.01372
0.08134
0.17248
0.23814
0.33516
0.4494646275
0.56070945
0.60690175
0.6322752975
0.70371007
0.72135644
0.7247492
0.7164386775
0.6602660575
0.6211655275
0.6179736675
0.56943733
0.50346912
0.4263454475
0.3117697275
0.1883529375
0.11368
0.0343
0.00098
0
0
0
0
0
0
0
0
0
0
0
0
0
0
0
0
0
0
0
0
0
0
0
0
0.0049
0.01372
0.1176
0.2205
0.31636507
0.4521101375
0.53457775
0.58995216
0.60522105
0.6699572775
0.6640699275
0.66007949
0.6906354
0.6478871875
0.60128145
0.60291315
0.4106987675
0.3166721775
0.3923129875
0.3291230775
0.2357962075
0.13622
0.04802
0.00196
0
0
0
0
0
0
0
0
0
0
0
0
0
0
0
0
0
0
0
0
0
0
0
0
0.01666
0.05782
0.11662
0.19404
0.3185
0.4841494
0.55604416
0.61509504
0.66015593
0.6910176
0.7086819775
0.7159050675
0.70965181
0.68226816
0.6632444
0.62044339
0.56662375
0.5007583175
0.33727876
0.24354813
0.1472973075
0.05586
0
0
0
0
0
0
0
0
0
0
0
0
0
0
0
0
0
0
0
0
0
0.01666
0.0931
0.1911
0.29514611
0.3881406375
0.46897704
0.53896864
0.59637704
0.70989975
0.7052813775
0.67803701
0.65908479
0.6159984775
0.23660875
0.14089803
0.05194
0.00294
0
0
0
0
0
0
0
0
0
0
0
0
0
0
0
0
0
0
0
0
0
0
0
0
0.0196
0.0784
0.16856
0.28028
0.34398
0.4666368
0.5406188375
0.6289854375
0.6189876
0.25774
0.12642
0.13524
0.0245
0.0686
0.51403107
0.53658675
0.07644
0.05292
0.04018
0.0931
0.09604
0.06272
0.0245
0.00098
0
0
0
0
0
0
0
0
0
0
0
0
0
0
0
0
0
0
0
0
0
0
0
0
0.01666
0.0931
0.19208
0.29498
0.39592
0.48412
0.5261731475
0.49196
0.49392
0.4901821575
0.44296
0.5195703975
0.4752253975
0.484365
0.2793
0.27832
0.4629606975
0.28714
0.14112
0.24598
0.19404
0.13818
0.05292
0.00392
0
0
0
0
0
0
0
0
0
0
0
0
0
0
0
0
0
0
0
0
0
0
0
0
0.02548
0.10682
0.20776
0.31164
0.41258
0.5022900575
0.57594845
0.63896196
0.6819132775
0.6766704
0.63485184
0.5971231875
0.5504954
0.4413296475
0.43657775
0.3278485875
0.46082785
0.50376312
0.4439972075
0.34986
0.24892
0.147
0.05684
0.00392
0
0
0
0
0
0
0
0
0
0
0
0
0
0
0
0
0
0
0
0
0
0
0
0
0.02744
0.10878
0.20874
0.31262
0.41454
0.5043603075
0.5788927375
0.6187419875
0.5536216
0.5913843075
0.5317302375
0.6357141175
0.43941632
0.38749788
0.5464998175
0.3087
0.24696
0.4002122775
0.32732
0.31066
0.24206
0.13328
0.0441
0.00294
0
0
0
0
0
0
0
0
0
0
0
0
0
0
0
0
0
0
0
0
0
0
0
0
0.03038
0.1127
0.21364
0.3185
0.4214
0.51123072
0.58617328
0.6491729475
0.69994099
0.7347617375
0.7541961175
0.7605063375
0.75246115
0.7317090375
0.6980754375
0.6523272
0.59416175
0.5243346675
0.4435498375
0.3534452075
0.2572003875
0.15582
0.05978
0.0049
0
0
0
0
0
0
0
0
0
0
0
0
0
0
0
0
0
0
0
0
0
0
0
0
0.02058
0.05684
0.09702
0.1519
0.14896
0.22638
0.1996694875
0.3516037875
0.2142984375
0.2019298575
0.2338626675
0.27034525
0.29922977
0.21734195
0.0776944
0.0882
0.06958
0.1568
0.1421
0.08232
0.11564
0.10976
0.05586
0.00392
0
0
0
0
0
0
0
0
0
0
0
0
0
0
0
0
0
0
0
0
0
0
0.00098
0.04214
0.13524
0.24108
0.34888
0.45151491
0.5370663375
0.61040525
0.67074777
0.7165969475
0.7472954475
0.76495419
0.7690485075
0.7602686875
0.73906161
0.7043652
0.6580840875
0.5994663675
0.5300412075
0.4505249875
0.3613116675
0.2650704
0.16455768
0.06762
0.0049
0
0
0
0
0
0
0
0
0
0
0
0
0
0
0
0
0
0
0
0
0
0
0
0.00098
0.0441
0.13622
0.24206
0.34888
0.44517627
0.5277200775
0.5971432775
0.6546369375
0.69960681
0.7326366075
0.7522713975
0.75902715
0.7528143175
0.7343452375
0.7020753075
0.6581913975
0.6007937775
0.5319507375
0.4511257275
0.3606516375
0.25752195
0.1180908575
0.05782
0.00392
0
0
0
0
0
0
0
0
0
0
0
0
0
0
0
0
0
0
0
0
0
0
0
0
0.02744
0.14014
0.245
0.29106
0.34986
0.50078
0.6243113275
0.6859552875
0.73580997
0.7526834875
0.77504525
0.73579968
0.70121744
0.5999749875
0.5310535475
0.59706304
0.4088152075
0.29694
0.32732
0.24206
0.25284
0.16562
0.06958
0.00686
0
0
0
0
0
0
0
0
0
0
0
0
0
0
0
0
0
0
0
0
0
0
0
0.00196
0.05096
0.14406
0.24892
0.35476
0.45766
0.54415284
0.61581975
0.6759519375
0.72348549
0.75625865
0.77630553
0.7251165775
0.62036352
0.67058607
0.7102690875
0.6652828
0.5212280675
0.3744147575
0.46471355
0.3769054275
0.27734
0.1715
0.07448
0.00882
0
0
0
0
0
0
0
0
0
0
0
0
0
0
0
0
0
0
0
0
0
0
0
0.00294
0.05586
0.15092
0.25676
0.36358
0.4636618875
0.5469471875
0.61713295
0.67532535
0.720496
0.7506114
0.76824944
0.7732894575
0.76490568
0.7431804275
0.70945875
0.66252704
0.6040916
0.5341924875
0.45521
0.3672240075
0.27151488
0.1734894
0.0735
0.00686
0
0
0
0
0
0
0
0
0
0
0
0
0
0
0
0
0
0
0
0
0
0
0
0.00392
0.06174
0.15778
0.2646
0.37142
0.4645463375
0.54512157
0.61274304
0.66771467
0.71070433
0.69697355
0.7456906975
0.72137016
0.69505128
0.69233227
0.6461991375
0.5369031675
0.5637306675
0.50097943
0.4538790375
0.3705403275
0.2752343475
0.17546165
0.0784
0.00784
0
0
0
0
0
0
0
0
0
0
0
0
0
0
0
0
0
0
0
0
0
0
0
0.00392
0.06076
0.15876
0.26558
0.37426641
0.47071605
0.5578227375
0.6322591275
0.6924335775
0.74011413
0.7720048
0.79224964
0.80089765
0.7947676275
0.75626208
0.7378546175
0.69586125
0.63736407
0.5367264
0.3675
0.33418
0.17836
0.08526
0.05096
0.0049
0
0
0
0
0
0
0
0
0
0
0
0
0
0
0
0
0
0
0
0
0
0
0
0.00294
0.0196
0.0735
0.16072
0.294
0.44296
0.38318
0.39396
0.32732
0.27146
0.343
0.48873384
0.5177740575
0.4809108675
0.4570218975
0.46886532
0.3626
0.25872
0.24304
0.20972
0.18718
0.15288
0.09702
0.04116
0.00588
0
0
0
0
0
0
0
0
0
0
0
0
0
0
0
0
0
0
0
0
0
0
0
0.00392
0.03528
0.09604
0.13622
0.1764
0.18816
0.4656645175
0.63730576
0.6119471575
0.4673981375
0.5952680475
0.4602864
0.4761220975
0.4829048
0.4343623375
0.44176048
0.39809952
0.3552464475
0.3620316
0.46234881
0.3884728575
0.28812
0.17052
0.0735
0.00882
0
0
0
0
0
0
0
0
0
0
0
0
0
0
0
0
0
0
0
0
0
0
0
0.00686
0.06272
0.14112
0.25774
0.34986
0.4588466575
0.5489568
0.62070113
0.6795563775
0.726376
0.7580220375
0.7743037575
0.7285005175
0.7574487375
0.74408803
0.68309871
0.31905517
0.46717629
0.15856155
0.22542744
0.290031
0.17934
0.09506
0.07056
0.00784
0
0
0
0
0
0
0
0
0
0
0
0
0
0
0
0
0
0
0
0
0
0
0
0.00686
0.0637
0.14406
0.21462
0.27342
0.28322
0.17542
0.11956
0.11662
0.12544
0.33200244
0.2341213875
0.1735123075
0.12500096
0.11662
0.09114
0.16464
0.0882
0.09114
0.0833
0.0441
0.0392
0.03724
0.02254
0.00294
0
0
0
0
0
0
0
0
0
0
0
0
0
0
0
0
0
0
0
0
0
0
0
0.00588
0.07252
0.16758
0.27048
0.31066
0.24892
0.12544
0.40970615
0.50991948
0.6946576875
0.5204584
0.4435096575
0.1691018175
0.58432892
0.5446250775
0.6001415875
0.5275064375
0.54699092
0.5308962575
0.33899915
0.1354878175
0.1290366
0.04214
0.04802
0.00882
0
0
0
0
0
0
0
0
0
0
0
0
0
0
0
0
0
0
0
0
0.00098
0.01666
0.06566
0.05684
0.08526
0.21364
0.1911
0.19698
0.40780985
0.58810731
0.61048561
0.63034335
0.7083443675
0.75774825
0.7353678675
0.65608011
0.62644736
0.37161061
0.1682472575
0.08526
0.0343
0.02646
0.0245
0.0049
0
0
0
0
0
0
0
0
0
0
0
0
0
0
0
0
0
0
0
0
0
0.0147
0.08624
0.18424
0.29008
0.3932782875
0.48315372
0.5623532775
0.6304144
0.6851511975
0.7285005175
0.75199075
0.5461148
0.6010162375
0.6544399575
0.70851844
0.51916137
0.29302
0.09114
0.3713429475
0.4715249175
0.3252849075
0.07938
0.07448
0.05096
0.0098
0
0
0
0
0
0
0
0
0
0
0
0
0
0
0
0
0
0
0
0
0
0
0
0.01764
0.08232
0.18228
0.30184
0.4063612875
0.4967305175
0.5755607375
0.6432116075
0.69812064
0.73399599
0.6856999975
0.6466313175
0.57866991
0.7215508475
0.7059668875
0.6210562575
0.53208855
0.5671317575
0.53163971
0.2105334
0.21391587
0.17144512
0.14112
0.0882
0.01764
0
0
0
0
0
0
0
0
0
0
0
0
0
0
0
0
0
0
0
0
0
0.0098
0.08036
0.18522
0.294
0.3957816975
0.4870902575
0.56836472
0.6363222075
0.6932807875
0.736764
0.76517469
0.7470617175
0.7533910475
0.7830796575
0.74850048
0.71331456
0.63642376
0.6441514275
0.5791034375
0.50070111
0.4100712
0.31131464
0.2081979375
0.10584
0.02156
0
0
0
0
0
0
0
0
0
0
0
0
0
0
0
0
0
0
0
0
0
0.02352
0.1078
0.21266
0.3234
0.41776224
0.5249566
0.6080011875
0.6792177875
0.7156772175
0.78330371
0.82112485
0.84179403
0.84728448
0.8388955575
0.8156661275
0.7780826375
0.7268374575
0.6641017775
0.5906037375
0.5070508975
0.41510252
0.3146381875
0.20972
0.10486
0.02254
0
0
0
0
0
0
0
0
0
0
0
0
0
0
0
0
0
0
0
0
0
0.02744
0.1176
0.2254
0.33908
0.4483206
0.5413324
0.62151453
0.6891437175
0.7436983575
0.78514219
0.81258464
0.82613608
0.8276289875
0.8169063175
0.79445513
0.7607415375
0.7140308175
0.6554170175
0.5864558875
0.5050791375
0.4148928
0.31561831
0.212366
0.10878
0.0245
0
0
0
0
0
0
0
0
0
0
0
0
0
0
0
0
0
0
0
0
0
0.02254
0.01078
0.0098
0.0833
0.21168
0.43951677
0.5600896
0.64365469
0.6946581775
0.73449775
0.76121255
0.77488992
0.77706405
0.7676417175
0.7480108475
0.71550535
0.6711432
0.6153462875
0.5474476
0.4580128
0.2488899875
0.2316209175
0.18684288
0.09114
0.01666
0
0
0
0
0
0
0
0
0
0
0
0
0
0
0
0
0
0
0
0
0
0
0.01764
0.06272
0.17346
0.30674
0.45245571
0.39579113
0.4055385775
0.38696721
0.419342
0.4614289575
0.56957208
0.6741560875
0.7407804075
0.6814320975
0.7233403275
0.6663391175
0.6388001375
0.56795753
0.4869099375
0.3965766
0.2974827975
0.16464
0.098
0.01764
0
0
0
0
0
0
0
0
0
0
0
0
0
0
0
0
0
0
0
0
0
0
0
0.0196
0.07546
0.17934
0.28028
0.39374244
0.48058416
0.58544955
0.66135888
0.72333261
0.7610732675
0.7848652175
0.79655723
0.7959168
0.7842130275
0.7599898775
0.72540041
0.67758768
0.6084201375
0.49283955
0.3135216
0.3713096275
0.2522014075
0.1476657875
0.0882101675
0.0196
0
0
0
0
0
0
0
0
0
0
0
0
0
0
0
0
0
0
0
0
0
0
0
0.03234
0.11368
0.21266
0.3145220575
0.4119810975
0.49822808
0.5596822875
0.62171592
0.6719762
0.71125509
0.73863384
0.7553348775
0.72480261
0.6634863375
0.4950914675
0.2691294375
0.37847355
0.15288
0.0735
0.0441
0.05194
0.03822
0.02058
0.01568
0.00294
0
0
0
0
0
0
0
0
0
0
0
0
0
0
0
0
0
0
0
0
0
0
0
0.0049
0.01666
0.01862
0.05586
0.09604
0.06762
0.09604
0.12936
0.21462
0.294
0.30576
0.36456
0.245
0.21854
0.16954
0.18326
0.1764
0.14504
0.1225
0.098
0.0588
0.04214
0.0294
0.02156
0.01078
0
0
0
0
0
0
0
0
0
0
0
0
0
0
0
0
0
0
0
0
0
0.00098
0.01764
0.02744
0.05292
0.07252
0.05096
0.08918
0.13622
0.08624
0.1029
0.22736
0.24794
0.30086
0.0882
0.0392
0.16562
0.1764
0.196
0.16954
0.17052
0.16366
0.1372
0.17542
0.04312
0.0343
0.00882
0
0
0
0
0
0
0
0
0
0
0
0
0
0
0
0
0
0
0
0
0
0
0.00098
0.02352
0.04704
0.05586
0.0637
0.098
0.14112
0.17444
0.2009
0.2058
0.11368
0.18424
0.24696
0.18718
0.0637
0.14798
0.19894
0.147
0.15876
0.11858
0.1176
0.15974
0.03528
0.03626
0.0392
0.0196
0
0
0
0
0
0
0
0
0
0
0
0
0
0
0
0
0
0
0
0
0
0
0.00196
0.02254
0.06958
0.16268
0.196
0.2009
0.4110682275
0.5665476775
0.56621411
0.5364273775
0.39827249
0.5491046575
0.64998745
0.66230703
0.6794634
0.6173342175
0.3443978475
0.10100272
0.03234
0.07154
0.07252
0.3420130175
0.29026277
0.11956
0.0637
0.01666
0
0
0
0
0
0
0
0
0
0
0
0
0
0
0
0
0
0
0
0
0
0
0.00196
0.04214
0.12642
0.22638
0.21266
0.17248
0.12838
0.02352
0.13818
0.6874958475
0.7783947675
0.799533
0.7160902875
0.2809379475
0.5588076375
0.4688245275
0.3164732375
0.67916156
0.49118188
0.4272289175
0.28904659
0.32631648
0.21658
0.17836
0.07056
0.01666
0
0
0
0
0
0
0
0
0
0
0
0
0
0
0
0
0
0
0
0
0
0
0.00098
0.03528
0.14504
0.14994
0.36064
0.4414428375
0.5467796075
0.6443640875
0.71275008
0.76847533
0.8123042375
0.84455175
0.8626963275
0.8555295875
0.86050419
0.8393112
0.80379012
0.7372577975
0.678062
0.61900965
0.5353348
0.4435297475
0.3436468
0.23814
0.1323
0.04116
0.00098
0
0
0
0
0
0
0
0
0
0
0
0
0
0
0
0
0
0
0
0
0
0.00392
0.06272
0.16072
0.27048
0.3822
0.48617947
0.57677312
0.65507904
0.7217042175
0.7749546
0.8158709475
0.84225512
0.8568819875
0.85872696
0.84920724
0.8276828875
0.7923627075
0.74513516
0.685216
0.61476576
0.5328312675
0.44126705
0.3423770875
0.23716
0.13132
0.03626
0.00098
0
0
0
0
0
0
0
0
0
0
0
0
0
0
0
0
0
0
0
0
0
0.0049
0.06076
0.15876
0.26852
0.38024
0.480445
0.56997633
0.6476897175
0.7139720175
0.76809803
0.809186
0.8361829175
0.84956592
0.8498847875
0.8376578175
0.8145812675
0.7788578175
0.73212321
0.67354763
0.60380985
0.5237995875
0.43434384
0.3376296
0.20931379
0.03822
0.00098
0
0
0
0
0
0
0
0
0
0
0
0
0
0
0
0
0
0
0
0
0
0.00196
0.049
0.13328
0.21364
0.24108
0.4676952
0.55403271
0.6319215175
0.69641348
0.7461919675
0.7846755875
0.7824828375
0.72093945
0.6798219575
0.55131713
0.61474175
0.6896792875
0.69679764
0.4946901575
0.3722131875
0.12348
0.04508
0.10584
0.03528
0.0245
0.01568
0.00098
0
0
0
0
0
0
0
0
0
0
0
0
0
0
0
0
0
0
0
0
0.00294
0.02842
0.05782
0.11956
0.25872
0.34594
0.14504
0.45219405
0.6813620275
0.76389187
0.3802575175
0.28817047
0.5178607875
0.61241572
0.6813953475
0.7396460575
0.7785633275
0.61211535
0.6282078075
0.61176108
0.5046650875
0.41875743
0.34373549
0.2412430475
0.13622
0.04606
0.00098
0
0
0
0
0
0
0
0
0
0
0
0
0
0
0
0
0
0
0
0
0
0.00784
0.06958
0.16758
0.27538
0.3822392
0.4786441275
0.4832942275
0.6225233175
0.70083475
0.7569063075
0.6879824175
0.5839725675
0.38864105
0.4665862075
0.72851779
0.5160423975
0.53912544
0.66085075
0.6766746875
0.60777248
0.5274164
0.4361008575
0.2956325575
0.15092
0.11074
0.04116
0.00098
0
0
0
0
0
0
0
0
0
0
0
0
0
0
0
0
0
0
0
0
0
0.00588
0.04606
0.12152
0.14896
0.29498
0.4714842475
0.5575311875
0.5741470875
0.5666059875
0.6577376575
0.66263925
0.69366605
0.6743968
0.59921757
0.70351064
0.52326855
0.3866784775
0.5365018575
0.62322904
0.5876029775
0.5181939875
0.4289362
0.3333596175
0.2331982275
0.13328
0.04312
0.00196
0
0
0
0
0
0
0
0
0
0
0
0
0
0
0
0
0
0
0
0
0
0.0098
0.0686
0.16758
0.27342
0.3769789275
0.4714131975
0.55541941
0.6288462775
0.68922616
0.7394985675
0.7777950075
0.80199525
0.8124592
0.8103819675
0.7817184375
0.73761219
0.73761219
0.6937224
0.4621448475
0.5813015775
0.50629152
0.4221742
0.32765075
0.22665097
0.12615785
0.0343
0.00098
0
0
0
0
0
0
0
0
0
0
0
0
0
0
0
0
0
0
0
0
0
0.00882
0.0735
0.17444
0.28518
0.39340385
0.4945668
0.5770723875
0.6503357175
0.60967221
0.6761489175
0.78916509
0.8501660475
0.86338
0.84952329
0.8147052375
0.8081766
0.7638089375
0.72533475
0.6942519675
0.6299311375
0.4983960275
0.4571796775
0.33728856
0.24206
0.07938
0.03234
0.00196
0
0
0
0
0
0
0
0
0
0
0
0
0
0
0
0
0
0
0
0
0
0.01372
0.08134
0.18816
0.29988
0.41356
0.51451176
0.60383631
0.6827758
0.74735976
0.79836435
0.8384325075
0.8649571875
0.87869691
0.8806476
0.8715212275
0.8504342
0.8159341575
0.76925835
0.71096256
0.64135071
0.56060949
0.4701225375
0.3706951675
0.26362
0.15582
0.06076
0.0049
0
0
0
0
0
0
0
0
0
0
0
0
0
0
0
0
0
0
0
0
0
0.01274
0.08134
0.18032
0.2891
0.4018
0.5005598675
0.59032113
0.6686896475
0.6900732475
0.7020282675
0.6986281575
0.73370101
0.8209630275
0.83464983
0.822171
0.81410805
0.78191064
0.75594799
0.69744199
0.62802075
0.54854128
0.45925299
0.3611146875
0.25676
0.14994
0.05782
0.00392
0
0
0
0
0
0
0
0
0
0
0
0
0
0
0
0
0
0
0
0
0
0.01078
0.04704
0.13328
0.23324
0.39707885
0.49657384
0.58514085
0.6626768575
0.7269256575
0.7793468375
0.8184862
0.8437114
0.8557721375
0.85546944
0.84382116
0.8207920175
0.78632309
0.74064333
0.68459076
0.6175091475
0.5401930275
0.4538790375
0.3591424375
0.2583097475
0.15768837
0.06272
0.00392
0
0
0
0
0
0
0
0
0
0
0
0
0
0
0
0
0
0
0
0
0
0.0147
0.07252
0.12446
0.18424
0.32499936
0.4905114375
0.4668757975
0.4560546375
0.6958317275
0.62887335
0.5854709875
0.7911151675
0.81014885
0.82796868
0.79451099
0.7905065875
0.7560301875
0.69949117
0.4607468775
0.3427323375
0.29906415
0.34447
0.18161213
0.0537824
0.0551826975
0.02156
0.00196
0
0
0
0
0
0
0
0
0
0
0
0
0
0
0
0
0
0
0
0
0
0.00294
0.02646
0.06272
0.0833
0.0813094975
0.1557664675
0.3096279375
0.34497225
0.36793953
0.5448205875
0.76424271
0.76886292
0.7961259075
0.7851724475
0.43162875
0.5450484375
0.50120385
0.57686328
0.6684637575
0.60588843
0.53243204
0.4494308175
0.35842128
0.2601933075
0.16181025
0.0670367775
0.0049
0
0
0
0
0
0
0
0
0
0
0
0
0
0
0
0
0
0
0
0
0
0.01666
0.06762
0.17738
0.27832
0.31556
0.4410508375
0.4995387075
0.61480251
0.5749614675
0.38584707
0.8214177475
0.84409213
0.86313549
0.7441336
0.8136527175
0.79240203
0.7610272075
0.60467225
0.5537704375
0.2960862975
0.2401
0.15092
0.08918
0.05292
0.03724
0.02548
0.00392
0
0
0
0
0
0
0
0
0
0
0
0
0
0
0
0
0
0
0
0
0
0.02352
0.10486
0.20874
0.32046
0.43175223
0.5283237575
0.6154496775
0.63546336
0.65791173
0.6834695175
0.62407527
0.5896644075
0.6759813375
0.6826502375
0.8214201975
0.7897044575
0.7889294
0.7253360975
0.7213504375
0.64024576
0.56975583
0.4793090575
0.3810978675
0.2773099875
0.17052
0.0735
0.00882
0
0
0
0
0
0
0
0
0
0
0
0
0
0
0
0
0
0
0
0
0
0.01372
0.0539
0.12054
0.12838
0.33712
0.27244
0.3176639375
0.5337808875
0.6632820075
0.7501144175
0.69592985
0.78582672
0.7221569775
0.6137544
0.6125714175
0.50302175
0.5041388275
0.5083425375
0.51000768
0.49152831
0.3904235475
0.12462464
0.1144736775
0.10486
0.09212
0.04018
0.00294
0
0
0
0
0
0
0
0
0
0
0
0
0
0
0
0
0
0
0
0
0
0.0245
0.09996
0.19796
0.23128
0.29672832
0.2447808475
0.3176085675
0.4907015575
0.56275863
0.24115644
0.37100448
0.6282489675
0.76594301
0.69451375
0.6022688
0.7201278875
0.72324
0.6993092575
0.6115703475
0.52524864
0.5020871975
0.46848263
0.37313892
0.2715505275
0.17005107
0.0735
0.00784
0
0
0
0
0
0
0
0
0
0
0
0
0
0
0
0
0
0
0
0
0
0.02744
0.10976
0.21266
0.32242
0.42590457
0.5200682375
0.60349772
0.59125311
0.7017577875
0.7621174575
0.8264201575
0.842751
0.8278421375
0.7777950075
0.77076657
0.78038968
0.7680709575
0.74282824
0.6536990775
0.5471725875
0.4214312375
0.2818552275
0.29308664
0.07252
0.06076
0.03332
0.00098
0
0
0
0
0
0
0
0
0
0
0
0
0
0
0
0
0
0
0
0
0
0.01176
0.04312
0.05684
0.03136
0.08428
0.14406
0.19208
0.14014
0.15092
0.13426
0.147
0.21168
0.17542
0.14602
0.24794
0.27734
0.2303
0.07252
0.11564
0.08918
0.16366
0.098
0.08722
0.05978
0.02744
0.02254
0.00392
0
0
0
0
0
0
0
0
0
0
0
0
0
0
0
0
0
0
0
0
0
0.0049
0.01372
0.04214
0.07056
0.11466
0.15974
0.23912
0.28812
0.30282
0.25382
0.3135969375
0.3890652675
0.3917303775
0.2627961875
0.560364
0.5683170675
0.5203083375
0.37993032
0.4451315575
0.28718361
0.1568
0.17444
0.1225
0.08526
0.07056
0.03626
0.00686
0
0
0
0
0
0
0
0
0
0
0
0
0
0
0
0
0
0
0
0
0
0.03136
0.11368
0.21364
0.31948
0.3212512275
0.4402031375
0.59565723
0.62608623
0.7273230475
0.76883205
0.8162183575
0.8409594375
0.8533397775
0.85405971
0.8435912275
0.82090827
0.7685075475
0.663264
0.48786507
0.4789293075
0.54838693
0.36097663
0.23866528
0.1890217875
0.1283318575
0.03822
0.00392
0
0
0
0
0
0
0
0
0
0
0
0
0
0
0
0
0
0
0
0
0
0.02254
0.049
0.07938
0.05684
0.02744
0.08918
0.18712512
0.2208012275
0.28195776
0.40191025
0.27292608
0.2808962975
0.4098598875
0.1061284875
0.05389216
0.05014464
0.05397448
0.0909703375
0.32051537
0.2364642
0.1523312
0.09257472
0.0554619975
0.05080712
0.03136
0.01568
0.00294
0
0
0
0
0
0
0
0
0
0
0
0
0
0
0
0
0
0
0
0
0
0.00882
0.0294
0.06076
0.16268
0.24108
0.37510676
0.53263147
0.66304644
0.6668888975
0.6989250975
0.6660962
0.6832578375
0.81500328
0.79570855
0.8094016
0.7899195675
0.6921356575
0.5942351275
0.4766405175
0.5367424475
0.51931915
0.4735672375
0.3330847275
0.13328
0.08722
0.03332
0.01078
0
0
0
0
0
0
0
0
0
0
0
0
0
0
0
0
0
0
0
0
0.00098
0.01176
0.04214
0.09408
0.14994
0.20678
0.2990924475
0.4336934875
0.49524741
0.57618659
0.6052140675
0.66120845
0.6898449075
0.7507940475
0.80636556
0.7840116375
0.7356706875
0.752199
0.6902770875
0.66363787
0.64133552
0.56779632
0.4839018275
0.3891069175
0.2890435275
0.18778368
0.09114
0.01764
0
0
0
0
0
0
0
0
0
0
0
0
0
0
0
0
0
0
0
0
0
0.0196
0.03822
0.05488
0.0882
0.06566
0.04704
0.0735
0.0833
0.10976
0.1998703875
0.2257997175
0.11466
0.1225
0.04214
0.06272
0.09604
0.11368
0.04704
0.03528
0.1323
0.17836
0.09212
0.07448
0.03626
0.0294
0.0147
0.00588
0
0
0
0
0
0
0
0
0
0
0
0
0
0
0
0
0
0
0
0
0.00098
0.02352
0.049
0.09114
0.11956
0.2009
0.2596675375
0.147
0.20776
0.2597
0.3282371575
0.24598
0.24892
0.14896
0.14308
0.21364
0.13524
0.1421
0.1029
0.12348
0.09898
0.04704
0.03528
0.03234
0.0196
0.02058
0.02058
0.00392
0
0
0
0
0
0
0
0
0
0
0
0
0
0
0
0
0
0
0
0
0
0.01372
0.0294
0.04214
0.08134
0.25578
0.27146
0.3969
0.2156
0.4458503875
0.73171504
0.7114891875
0.6872152
0.7639884
0.5733733775
0.7041979875
0.6846494375
0.50733375
0.4304898675
0.6917289575
0.4785578875
0.17248
0.10878
0.10878
0.12054
0.12054
0.03626
0.01078
0
0
0
0
0
0
0
0
0
0
0
0
0
0
0
0
0
0
0
0
0.00196
0.049
0.12642
0.24598
0.35574
0.4611359375
0.5579849275
0.62718873
0.6141663675
0.70511441
0.54449535
0.4298528675
0.5211248
0.46586505
0.4329927875
0.5139172675
0.44648359
0.5134199175
0.57300061
0.37828
0.35672
0.4323386375
0.30478
0.28812
0.26558
0.1323
0.0588
0.01274
0
0
0
0
0
0
0
0
0
0
0
0
0
0
0
0
0
0
0
0
0.00294
0.0539
0.147
0.25382
0.36554
0.3577
0.4321205875
0.6180251175
0.7168194075
0.7953227975
0.8447794775
0.8605937375
0.78521471
0.67187232
0.7480928
0.7325028375
0.4200847175
0.6379352875
0.41202875
0.19399149
0.3469788
0.2722237875
0.4145271375
0.13034
0.16366
0.0784
0.04704
0.01568
0
0
0
0
0
0
0
0
0
0
0
0
0
0
0
0
0
0
0
0
0.00294
0.05292
0.14798
0.2548
0.36652
0.47560968
0.57212155
0.6590714375
0.7347886875
0.79709868
0.8481918375
0.88585973
0.9124744475
0.9263840775
0.9280208
0.9073931475
0.8163202775
0.7187573575
0.7049109375
0.55432377
0.5146846075
0.56010773
0.51568335
0.3701321575
0.21168
0.1421
0.10388
0.0245
0
0
0
0
0
0
0
0
0
0
0
0
0
0
0
0
0
0
0
0
0.00294
0.05586
0.14994
0.25774
0.37044
0.4792144875
0.5747630175
0.6617679075
0.7369980975
0.78972075
0.8474347875
0.8902710775
0.9149053375
0.92793701
0.92584765
0.91349475
0.8698130875
0.8647180675
0.82020659
0.7637589575
0.696388
0.61850936
0.5295365075
0.4311057975
0.32634
0.2156
0.1127
0.02842
0
0
0
0
0
0
0
0
0
0
0
0
0
0
0
0
0
0
0
0
0.00196
0.02156
0.0833
0.2107
0.2891
0.43316
0.42532
0.4116
0.37828
0.570066
0.65780491
0.4516617875
0.61388915
0.4929792
0.6838174175
0.63543592
0.8017790375
0.8046695475
0.7972200775
0.7376816475
0.61835305
0.55345059
0.4565955975
0.4090161075
0.3073592375
0.20188
0.10486
0.0294
0.00098
0
0
0
0
0
0
0
0
0
0
0
0
0
0
0
0
0
0
0
0.00294
0.04998
0.1372
0.2401
0.34986
0.4494672
0.5430536475
0.62606859
0.6990059475
0.7598136
0.8090501475
0.84498883
0.86878176
0.8815534875
0.881608
0.8706446175
0.8469746775
0.77157507
0.77113505
0.71699691
0.65244431
0.57820392
0.49508277
0.40445139
0.2459833075
0.12246129
0.05292
0.02156
0.00098
0
0
0
0
0
0
0
0
0
0
0
0
0
0
0
0
0
0
0
0
0.00784
0.01274
0.01666
0.02548
0.02352
0.04312
0.06268864
0.07199423
0.1690150875
0.5275853275
0.772191
0.8295194075
0.8148831075
0.8009834
0.64131984
0.6367452
0.4717321875
0.24911404
0.1342245975
0.16167648
0.1094856
0.04214
0.06664
0.07154
0.03724
0.02548
0.01274
0
0
0
0
0
0
0
0
0
0
0
0
0
0
0
0
0
0
0
0
0
0.00784
0.01176
0.02842
0.07056
0.1078
0.1372
0.19761357
0.28358211
0.39141837
0.3945186
0.3299562
0.19822068
0.30948547
0.4162916275
0.1751787975
0.1979208
0.1848636475
0.2151296
0.0945252875
0.08396395
0.39629387
0.24374952
0.09898
0.08722
0.03038
0.02254
0.0147
0
0
0
0
0
0
0
0
0
0
0
0
0
0
0
0
0
0
0
0
0
0.0098
0.02254
0.02646
0.05292
0.0539
0.05488
0.05586
0.07056
0.0343
0.05586
0.14896
0.1519
0.09996
0.09996
0.14112
0.19306
0.2597
0.16268
0.14406
0.09996
0.09898
0.07938
0.07056
0.04312
0.02352
0.01666
0.00882
0
0
0
0
0
0
0
0
0
0
0
0
0
0
0
0
0
0
0
0
0.00196
0.03626
0.0833
0.14112
0.26068
0.34398
0.46468415
0.54902197
0.5150035975
0.5731710075
0.7166826975
0.7335264475
0.6851075875
0.7874176275
0.8230401375
0.57771049
0.24912384
0.4173671775
0.3937614275
0.25690896
0.3371889675
0.4384058175
0.17738
0.12936
0.17346
0.15092
0.05782
0.02646
0.00098
0
0
0
0
0
0
0
0
0
0
0
0
0
0
0
0
0
0
0
0.00294
0.03724
0.0882
0.1274
0.17444
0.3109396675
0.20776
0.26616016
0.24402
0.07644
0.15876
0.28919261
0.4205188575
0.5730284175
0.6827134475
0.5902906275
0.3190682775
0.4475268
0.3784386375
0.25931143
0.32113032
0.2436234675
0.1666
0.1225
0.12348
0.0343
0.05586
0.01176
0
0
0
0
0
0
0
0
0
0
0
0
0
0
0
0
0
0
0
0
0.00196
0.0147
0.02842
0.09506
0.10388
0.18816
0.16856
0.18615345
0.29255744
0.32652963
0.39259584
0.55889792
0.5768920675
0.62205696
0.6998443375
0.7505691375
0.7396068575
0.5942811875
0.40528145
0.46076121
0.4115804
0.3422663475
0.2082738875
0.1332362675
0.05684
0.02548
0.02646
0.0098
0.00098
0
0
0
0
0
0
0
0
0
0
0
0
0
0
0
0
0
0
0
0.00098
0.01568
0.03234
0.04116
0.09212
0.16268
0.16366
0.2070439875
0.25990335
0.2732601375
0.3131907275
0.3714193875
0.42014315
0.5130484975
0.33468225
0.1653508675
0.20798981
0.2157262975
0.4162029375
0.4311097175
0.35410928
0.1466666775
0.06468
0.05978
0.07448
0.0539
0.03724
0.01666
0.00098
0
0
0
0
0
0
0
0
0
0
0
0
0
0
0
0
0
0
0
0
0.00588
0.00784
0.01372
0.03136
0.0392
0.12936
0.1421
0.06174
0.09016
0.10584
0.1225
0.10878
0.08036
0.30530136
0.3176639375
0.34509867
0.22148
0.12348
0.04116
0.03528
0.11074
0.08428
0.06272
0.05292
0.04214
0.03136
0.02156
0.00196
0
0
0
0
0
0
0
0
0
0
0
0
0
0
0
0
0
0
0
0.00196
0.01274
0.01372
0.01372
0.02842
0.02646
0.03528
0.11466
0.23226
0.27734
0.25676
0.24402
0.15092
0.22834
0.29694
0.22932
0.28224
0.3999682575
0.30968
0.24304
0.21364
0.2646
0.25186
0.2009
0.06664
0.05782
0.04116
0.0245
0.00196
0
0
0
0
0
0
0
0
0
0
0
0
0
0
0
0
0
0
0
0.00294
0.02352
0.05782
0.1323
0.1764
0.37333051
0.41299209
0.5685865675
0.44087309
0.18032
0.2499
0.16856
0.3747562875
0.46090527
0.4111892575
0.3706951675
0.54882891
0.53660096
0.23422
0.1519
0.09604
0.14406
0.19306
0.20972
0.12642
0.10682
0.06958
0.02646
0.00098
0
0
0
0
0
0
0
0
0
0
0
0
0
0
0
0
0
0
0
0.00392
0.03234
0.06664
0.0931
0.17052
0.20972
0.25284
0.3773
0.43238139
0.5868052575
0.7359940875
0.5711335875
0.6715352
0.8377474875
0.6238595475
0.67058313
0.7292511975
0.7829150175
0.6116271875
0.3898105575
0.2857987475
0.29643432
0.2308488
0.12916596
0.11368
0.13524
0.11858
0.0343
0.00294
0
0
0
0
0
0
0
0
0
0
0
0
0
0
0
0
0
0
0
0.00196
0.01764
0.0196
0.0588
0.08036
0.13034
0.21266
0.3047254875
0.2530623375
0.2874892475
0.34637512
0.3269381675
0.4150548675
0.4203733275
0.42479864
0.4973640875
0.52944892
0.3779697075
0.40434016
0.28671027
0.20471955
0.1372
0.09898
0.0637
0.05684
0.03626
0.01372
0
0
0
0
0
0
0
0
0
0
0
0
0
0
0
0
0
0
0
0
0
0.01568
0.0343
0.06076
0.03332
0.13132
0.2578496375
0.3792848675
0.4059585075
0.24849664
0.2361455775
0.25761701
0.4343458
0.59766525
0.58065
0.3678296475
0.55789685
0.77005656
0.7493766
0.61726672
0.6428994775
0.5758875675
0.4670825775
0.3912805575
0.2773413475
0.1097848675
0.06174
0.0392
0.00392
0
0
0
0
0
0
0
0
0
0
0
0
0
0
0
0
0
0
0
0.00686
0.04802
0.14896
0.25284
0.35303079
0.4492656875
0.5162290875
0.6063253875
0.548604
0.55097217
0.58656528
0.8239397775
0.8503659675
0.87253761
0.8545113675
0.79289595
0.8257052475
0.8078491575
0.7785765575
0.7332672375
0.6733916875
0.6024896675
0.52230717
0.4341369375
0.33746545
0.2441467875
0.09168243
0.06076
0.00686
0
0
0
0
0
0
0
0
0
0
0
0
0
0
0
0
0
0
0
0.00784
0.0637
0.15484
0.25592553
0.355446
0.4494019075
0.53508539
0.6114703875
0.6771891875
0.7269682875
0.7779993375
0.8170293075
0.8429512875
0.86043951
0.8675375275
0.8631546
0.8469967275
0.82147128
0.6275136
0.0441
0.03136
0.30838101
0.2600281775
0.15092
0.11074
0.08526
0.0343
0.0294
0.00392
0
0
0
0
0
0
0
0
0
0
0
0
0
0
0
0
0
0
0
0
0.00686
0.01372
0.05586
0.10682
0.10682
0.1225
0.13524
0.15974
0.17052
0.2255027775
0.19140772
0.21522123
0.23902984
0.29230803
0.52121496
0.4382666575
0.43189629
0.37637047
0.2126334175
0.19894
0.16856
0.14994
0.12152
0.13132
0.06272
0.03528
0.0245
0.00686
0
0
0
0
0
0
0
0
0
0
0
0
0
0
0
0
0
0
0
0.0049
0.02058
0.03332
0.04508
0.07448
0.08526
0.14994
0.24696
0.28558768
0.17934
0.27978951
0.2995437375
0.14112
0.15876
0.1568
0.43255044
0.1078
0.12446
0.1225
0.05292
0.08134
0.07448
0.08526
0.08722
0.0784
0.06664
0.04606
0.02842
0.00784
0
0
0
0
0
0
0
0
0
0
0
0
0
0
0
0
0
0
0
0.00392
0.0196
0.03626
0.0686
0.13034
0.23716
0.25578
0.2907325575
0.4004357175
0.4486487775
0.5074620075
0.46342387
0.3355954875
0.37663164
0.25561536
0.38443832
0.15974
0.1274
0.11074
0.196
0.23324
0.12446
0.10094
0.147
0.10192
0.09604
0.07644
0.04018
0.00392
0
0
0
0
0
0
0
0
0
0
0
0
0
0
0
0
0
0
0
0.00196
0.02646
0.08918
0.15092
0.25774
0.3457071275
0.4813107075
0.50314131
0.51845136
0.71266923
0.78252559
0.82574163
0.84908915
0.86177525
0.86439969
0.85773765
0.84070917
0.8107548575
0.17917095
0.02509143
0.1258026
0.4339041875
0.08490328
0.0273028
0.08907808
0.0633735375
0.08021937
0.02646
0.00392
0
0
0
0
0
0
0
0
0
0
0
0
0
0
0
0
0
0
0
0.00294
0.02548
0.02744
0.04018
0.04018
0.08036
0.12152
0.17248
0.26558
0.3274115075
0.4370553775
0.24598
0.10584
0.13328
0.07252
0.08036
0.06272
0.14994
0.1176
0.02842
0.12936
0.04802
0.01666
0.01372
0.0147
0.01078
0.01274
0.01764
0.00294
0
0
0
0
0
0
0
0
0
0
0
0
0
0
0
0
0
0
0
0.00098
0.01764
0.02646
0.06468
0.098
0.24892
0.5433309875
0.64082592
0.6671448
0.65325036
0.6215619375
0.68205648
0.43431003
0.58475571
0.7061849375
0.48585411
0.47269761
0.3494546475
0.29749615
0.58295349
0.3831573375
0.12736815
0.1477025375
0.3206259875
0.10192
0.02156
0.01078
0.03626
0.00588
0
0
0
0
0
0
0
0
0
0
0
0
0
0
0
0
0
0
0
0.00784
0.06664
0.15876
0.26362
0.37436
0.47601099
0.56916391
0.58897608
0.39548292
0.57358959
0.42850304
0.15484
0.03822
0.04214
0.1764
0.05194
0.0588
0.13916
0.3675
0.3773
0.2646
0.4137627375
0.36162
0.245
0.14994
0.05096
0.04508
0.04802
0.01078
0
0
0
0
0
0
0
0
0
0
0
0
0
0
0
0
0
0
0
0.00686
0.04116
0.0588
0.12838
0.20874
0.3516880675
0.28518
0.3348457875
0.4564726075
0.3703947975
0.3534383475
0.3459526175
0.3534383475
0.32502925
0.4875758475
0.4875758475
0.2043847575
0.2570705375
0.32220048
0.2602917975
0.2926714875
0.28301224
0.22690528
0.291354
0.34197639
0.2556201375
0.1813
0.08624
0.01666
0
0
0
0
0
0
0
0
0
0
0
0
0
0
0
0
0
0
0
0.0049
0.04508
0.1029
0.24696
0.3649459975
0.3919608
0.4057208575
0.5337808875
0.57007188
0.44413355
0.5785136
0.6835312575
0.72533475
0.5564048
0.637637
0.50726368
0.58035992
0.52536036
0.63336175
0.6434071175
0.6361850075
0.6491376675
0.56656495
0.47589192
0.3861032175
0.2722237875
0.1127
0.05194
0.01274
0
0
0
0
0
0
0
0
0
0
0
0
0
0
0
0
0
0
0
0.00686
0.03332
0.07644
0.1666
0.3651287675
0.40787355
0.48797875
0.6423325475
0.66621625
0.7775789175
0.8276828875
0.8665550775
0.8933288
0.9103777375
0.9154796175
0.90939835
0.8917743975
0.8641050775
0.82539128
0.77691215
0.7177856875
0.6485521175
0.56887187
0.4812636675
0.38664528
0.28744037
0.18816
0.09114
0.0196
0
0
0
0
0
0
0
0
0
0
0
0
0
0
0
0
0
0
0
0.00784
0.06468
0.15778
0.26166
0.3670123275
0.44514883
0.55747055
0.5889408
0.63325003
0.6433301875
0.71149176
0.8081622675
0.8790907475
0.89505213
0.8993983075
0.8940808275
0.8773238075
0.85062285
0.8122562175
0.7642033875
0.70558236
0.63692013
0.5581755375
0.47118645
0.3774081675
0.28000756
0.1825498675
0.08918
0.01764
0
0
0
0
0
0
0
0
0
0
0
0
0
0
0
0
0
0
0
0.00686
0.05782
0.1519
0.2548
0.35815815
0.4537531075
0.5422701375
0.6215398875
0.6909297675
0.74897823
0.79563309
0.8309928375
0.85508185
0.8676619875
0.8692992
0.8608382475
0.84284361
0.8150374575
0.77203861
0.72860256
0.66884069
0.3361751575
0.43472016
0.4243129275
0.34002815
0.2232889575
0.1106854875
0.02939265
0.00784
0
0
0
0
0
0
0
0
0
0
0
0
0
0
0
0
0
0
0
0.0049
0.04214
0.07742
0.1029
0.12838
0.20082013
0.3123283275
0.3110464875
0.37197468
0.41139371
0.6011220775
0.6559231875
0.6485976875
0.6330016
0.78036665
0.6395963875
0.6132931875
0.7097741875
0.67098591
0.47089
0.28114485
0.19404
0.14014
0.08624
0.05488
0.0539
0.0392
0.02352
0.01078
0
0
0
0
0
0
0
0
0
0
0
0
0
0
0
0
0
0
0
0.00392
0.01862
0.03038
0.07546
0.16954
0.18424
0.18228
0.22520008
0.3737934375
0.550662
0.5308923375
0.34567344
0.28870947
0.2704666475
0.45813775
0.4990356
0.59826599
0.6386506875
0.69582009
0.67047876
0.6759029375
0.62162135
0.543312
0.4194678075
0.3537117675
0.2676349375
0.1714435275
0.08428
0.0147
0
0
0
0
0
0
0
0
0
0
0
0
0
0
0
0
0
0
0
0.00392
0.02744
0.07056
0.08428
0.22645056
0.3989132875
0.5120655575
0.55867644
0.6265364175
0.5727564675
0.75095391
0.8050355775
0.82151685
0.8379392
0.8178363375
0.7968025975
0.8139684
0.7634453575
0.6374018
0.69045263
0.6245092875
0.5216406475
0.4057365375
0.4204845575
0.3491348
0.2632868
0.1717254
0.06404937
0.00392
0
0
0
0
0
0
0
0
0
0
0
0
0
0
0
0
0
0
0
0
0.01176
0.05194
0.1428534975
0.22387365
0.30710015
0.3285438975
0.30633232
0.29326696
0.3663562175
0.3765898675
0.26324025
0.3856202
0.6289310475
0.6846984375
0.57457449
0.59118157
0.6217089375
0.5869679375
0.3804206875
0.23823849
0.0847233275
0.02512965
0.03296181
0.0281748775
0.0243254375
0.0475578075
0.05435864
0.01563296
0
0
0
0
0
0
0
0
0
0
0
0
0
0
0
0
0
0
0
0.00392
0.02352
0.098
0.1420822375
0.3153379075
0.4080524
0.40282704
0.38749984
0.5541075575
0.6650499275
0.7231021875
0.7726392275
0.8065173375
0.80215597
0.8244936
0.83670048
0.81391597
0.7989938775
0.7681632
0.7260722
0.67264701
0.60867261
0.5340792975
0.4523673875
0.36273867
0.2710673875
0.1791546575
0.0890323875
0.019502
0
0
0
0
0
0
0
0
0
0
0
0
0
0
0
0
0
0
0
0.0049
0.05684
0.14504
0.2460494575
0.3472819875
0.44443245
0.5344626
0.6158950875
0.6861360975
0.7461321875
0.7955158575
0.83274912
0.85878968
0.8742384
0.87967152
0.87591616
0.86243136
0.83740608
0.8009736
0.75531589
0.6993396375
0.6347306875
0.5624904775
0.4808069875
0.3920214375
0.2965591475
0.2003956675
0.1056316275
0.02352
0
0
0
0
0
0
0
0
0
0
0
0
0
0
0
0
0
0
0
0.00098
0.01176
0.02548
0.07448
0.0882
0.14445984
0.15317547
0.23659944
0.2673904275
0.40185684
0.46488064
0.7264116475
0.85279992
0.8600562075
0.8319370675
0.77783972
0.7595949375
0.80987445
0.7557876375
0.64475425
0.59703168
0.5039364575
0.4046119875
0.32876256
0.0891465575
0.03038
0.01764
0.0147
0.0098
0
0
0
0
0
0
0
0
0
0
0
0
0
0
0
0
0
0
0
0.00196
0.00784
0.01274
0.0196
0.08428
0.13034
0.04998
0.03332
0.02744
0.02842
0.02646
0.1593351375
0.39360573
0.3923120075
0.46109
0.5227235475
0.61659248
0.7305222575
0.57772617
0.3853990875
0.08354255
0.02254
0.01764
0.03528
0.05488
0.0784
0.08232
0.03234
0.00882
0
0
0
0
0
0
0
0
0
0
0
0
0
0
0
0
0
0
0
0.00196
0.0392
0.10192
0.2283114575
0.2259555375
0.15876
0.1790934075
0.3279465875
0.32602689
0.38305897
0.4802503475
0.4429814375
0.3046314075
0.1669757075
0.3160297875
0.6523535375
0.8650747875
0.8316901075
0.73047975
0.58201416
0.40988304
0.3530811375
0.4492088475
0.4479681675
0.3399540375
0.2337073375
0.1407322875
0.05782
0.01372
0
0
0
0
0
0
0
0
0
0
0
0
0
0
0
0
0
0
0
0.00294
0.0441
0.12544
0.2272839275
0.3262849975
0.42192675
0.510825
0.5919487875
0.66352125
0.7243997075
0.77340816
0.81148067
0.8380267875
0.8532760775
0.8575557375
0.8522328675
0.8361654
0.8102893575
0.7659092
0.7251234375
0.61075707
0.4769163875
0.07254352
0.0509466475
0.05577425
0.0549313275
0.0377852475
0.02921625
0.00882
0
0
0
0
0
0
0
0
0
0
0
0
0
0
0
0
0
0
0
0.00294
0.02646
0.0882
0.12544
0.1800988875
0.2542138375
0.3550048775
0.48048273
0.54281955
0.39245864
0.53842425
0.61145385
0.61329821
0.65727375
0.6240070375
0.61179195
0.41549648
0.28523145
0.500094
0.3648773975
0.290178
0.2645608
0.1911
0.10192
0.04704
0.049
0.06958
0.05488
0.01176
0
0
0
0
0
0
0
0
0
0
0
0
0
0
0
0
0
0
0
0.00294
0.03626
0.10486
0.10878
0.1323
0.16954
0.19894
0.24621912
0.2720676
0.3292926175
0.3965946075
0.55087809
0.62534731
0.68942608
0.55289248
0.6312712875
0.5459482
0.3110959775
0.37345693
0.44471616
0.5350818375
0.25774
0.14994
0.09506
0.09212
0.14014
0.08036
0.03332
0.01764
0.00098
0
0
0
0
0
0
0
0
0
0
0
0
0
0
0
0
0
0
0.00196
0.0245
0.04998
0.1225
0.22246
0.3666271875
0.4605596975
0.50827455
0.5304689775
0.5862716475
0.35854476
0.2223765775
0.21136248
0.3645588975
0.5184046875
0.6372541875
0.7021448875
0.67771704
0.5322697275
0.4725676375
0.41189792
0.3064066775
0.2041799375
0.17346
0.31556637
0.2609077275
0.16464
0.07546
0.01862
0
0
0
0
0
0
0
0
0
0
0
0
0
0
0
0
0
0
0
0.00196
0.02646
0.07938
0.20972
0.34496
0.4278992375
0.46532752
0.6171367475
0.67207077
0.4145988
0.25553157
0.10573416
0.1965775875
0.1557808
0.1831594275
0.5058396175
0.6966407175
0.59986241
0.7916923875
0.7808192875
0.60050725
0.64274525
0.51840285
0.46153296
0.38623025
0.3158244775
0.2163819175
0.11956
0.03332
0.00098
0
0
0
0
0
0
0
0
0
0
0
0
0
0
0
0
0
0
0.00294
0.049
0.12936
0.22736
0.3412711575
0.4404113875
0.532532
0.57865815
0.6789507375
0.65907695
0.74668944
0.8385192375
0.83739824
0.8308482875
0.8367812075
0.8260903875
0.7200137175
0.5713006775
0.6222748875
0.71151087
0.69347397
0.65690625
0.5809855275
0.4967942175
0.4064112675
0.31169488
0.21436128